left
RMS = 0.2320
fx = 382.3606 +/- 3.4474
fy = 379.4234 +/- 3.4012
ar = 1.008
cx = 374.7153 +/- 1.8379
cy = 244.1424 +/- 1.8057
t1 = 0.0008 +/- 0.0007
t2 = 0.0001 +/- 0.0006
k1 = -0.2005 +/- 3.5000
k2 = 0.2896 +/- 2.4355
k3 = 0.1711 +/- 0.4677
k4 = 0.2574 +/- 3.5198
k5 = 0.0498 +/- 1.2577
k6 = 0.4239 +/- 1.7215

right
RMS = 0.2128
fx = 375.5601 +/- 3.2330
fy = 372.5266 +/- 3.2020
ar = 1.008
cx = 376.5095 +/- 1.6022
cy = 240.6773 +/- 1.6901
t1 = 0.0002 +/- 0.0006
t2 = 0.0001 +/- 0.0005
k1 = 0.3993 +/- 6.6956
k2 = 0.6960 +/- 14.5258
k3 = 0.1350 +/- 2.1458
k4 = 0.8395 +/- 6.7237
k5 = 0.7575 +/- 12.7837
k6 = 0.4546 +/- 8.4759

Total calibration poses = 23
Stereo reprojection error = 0.212224

Rectification Parameters: 
F: 305.263
C: [ 368.878, 241.704]
T: [ -30.667, 0.223, -0.198]
R: [ 0.077, -0.558, -0.079]
FOV: [ 101.856, 76.349]
Baseline: 30.669mm

